image_00000 130 106 146 124
image_00001 133 105 148 124
image_00002 130 105 149 124
image_00003 131 106 147 123
image_00004 129 105 148 123
image_00005 128 106 147 124
image_00006 129 105 146 125
image_00007 128 104 148 125
image_00008 128 105 148 126
image_00009 129 105 147 123
image_00010 132 104 147 120
image_00011 132 103 147 119
image_00012 131 104 146 121
image_00013 132 104 147 120
image_00014 132 104 146 120
image_00015 133 103 147 120
image_00016 132 100 149 121
image_00017 131 99 151 122
image_00018 132 99 153 122
image_00019 132 99 154 122
image_00020 131 99 154 122
image_00021 132 98 156 123
image_00022 132 99 154 122
image_00023 132 99 155 122
image_00024 131 99 158 122
image_00025 133 100 156 122
image_00026 131 99 156 122
image_00027 130 100 157 122
image_00028 131 101 156 123
image_00029 130 100 155 122
image_00030 130 98 155 122
image_00031 128 99 157 122
image_00032 129 97 157 124
image_00033 142 98 155 123
image_00034 142 97 157 123
image_00035 142 98 156 124
image_00036 142 96 156 123
image_00037 143 97 162 123
image_00038 143 96 162 122
image_00039 143 96 162 122
image_00040 142 97 161 123
image_00041 142 96 160 122
image_00042 141 94 161 122
image_00043 144 93 162 110
image_00044 146 95 161 110
image_00045 146 95 161 110
image_00046 145 96 162 109
image_00047 147 97 161 109
image_00048 147 97 161 110
image_00049 148 96 161 109
image_00050 150 96 161 107
image_00051 151 97 160 107
image_00052 148 97 161 108
image_00053 150 97 161 107
image_00054 151 95 160 106
image_00055 151 97 160 106
image_00056 152 97 160 105
image_00057 152 97 159 104
image_00058 153 98 158 104
image_00059 151 96 158 104
image_00060 153 97 157 103
image_00061 152 97 156 103
image_00062 151 97 156 103
image_00063 150 96 156 102
